TIME	20170603_W01	20170603_W02	20170603_W03	20170603_W05	20170603_W06	20170605_W06	20170605_W07	20170605_W08	20170605_W09	20170605_W10	20170605_W11	20180415_780_W06	20180415_780_W07	20180415_780_W08	20180415_780_W09	20180415_780_W10	20180421_DB_W07	20180421_DB_W08	20180421_DB_W09	20180421_DB_W10	20180421_DB_W11	20180421_DB_W12	20180421_NLO_W05	20180421_NLO_W06	20180421_NLO_W08	20180422_780_W06	20180422_780_W07	20180422_780_W08	20180422_780_W09	20180429_DB_W06	20180429_DB_W08	20180505_780_W05	20180505_780_W06	20180505_780_W07
0	4184.081	4141.489	3973.614	3997.025	3892.423	1355.577	1262.191	1368.74	1182.096	1524.7	1193.241	1771.354	2073.374	2036.863	814.941	1693.955	895.337	1029.482	1113.915	1262.498	1197.725	1985.905	2417.594	1405.59	2094.9	1162.33	1600.406	1054.319	2151.831	1338.36	2497.326	1957.298	1084.811	889.154
1	4226.149	4119.377	4018.002	4040.204	3926.989	1325.522	1259.888	1366.896	1182.489	1575.684	1222.11	1870.152	2211.189	2171.67	812.804	1765.113	914.084	1033.707	1167.39	1239.173	1160.952	2046.791	2434.604	1416.231	2121.4	1206.381	1683.523	1030.436	2263.057	1323.561	2545.408	1995.228	1131.249	909.923
2	4278.135	4108.572	4026.871	4101.75	3973.872	1340.68	1255.927	1372.411	1194.797	1650.085	1245.089	1989.504	2393.25	2307.563	832.242	1895.386	920.803	1035.643	1235.221	1229.218	1184.457	2143.041	2466.574	1403.282	2163.883	1261.249	1820.134	1013.477	2315.836	1327.354	2642.087	2036.796	1155.509	942.534
3	4299.339	4099.761	4053.185	4139.219	3998.585	1346.479	1267.79	1374.999	1207.829	1757.044	1258.342	2094.027	2570.828	2409.646	855.775	1979.496	941.238	1048.896	1292.281	1270.624	1318.724	2248.95	2588.672	1418.422	2288.015	1310.46	1983.036	1025.833	2356.015	1358.961	2765.328	2009.256	1157.237	946.541
4	4310.743	4092.288	4063.468	4183.089	4054.267	1357.732	1273.943	1382.88	1222.117	1838.949	1262.129	2187.945	2696.78	2515.162	867.323	2036.818	946.746	1061.557	1369.053	1328.989	1454.538	2377.869	2643.589	1431.232	2486.352	1383.846	2194.731	1026.723	2420.272	1386.676	2889.85	2038.872	1178.485	964.241
5	4288.917	4067.327	4066.159	4198.463	4117.984	1370.735	1282.071	1409.08	1243.161	1936.488	1256.565	2289.242	2850.325	2666.235	870.666	2126.762	964.714	1076.821	1429.747	1447.314	1571.85	2513.271	2804.009	1403.69	2658.46	1417.257	2430.354	1020.305	2472.966	1424.429	3009.375	2046.187	1176.203	1008.003
6	4297.79	4078.679	4079.284	4210.78	4173.952	1420.515	1304.423	1453.791	1265.405	2001.635	1260.399	2345.211	2892.089	2749.389	853.37	2189.24	999.756	1098.121	1493.358	1575.13	1698.496	2614.362	3076.058	1447.756	2889.033	1469.942	2605.628	1033.101	2556.454	1465.63	3139.949	2090.581	1145.933	1046.811
7	4308.199	4125.963	4067.023	4208.75	4244.119	1480.617	1321.519	1508.396	1292.713	2103.195	1253.474	2478.815	3003.356	2871.506	854.438	2417.803	1013.247	1099.464	1552.369	1694.998	1810.118	2683.022	3327.788	1446.684	3135.11	1547.366	2728.948	1074.262	2735.56	1500.954	3251.255	2244.323	1157.237	1095.203
8	4279.062	4160.305	4045.275	4211.168	4316.837	1548.811	1363.904	1573.231	1304.725	2214.513	1252.298	2572.744	2984.303	2894.066	848.143	2657.095	1059.47	1094.331	1614.482	1838.717	1897.645	2750.827	3667.647	1482.122	3366.914	1600.61	2781.124	1105.932	2905.942	1533.013	3347.042	2352.935	1128.203	1105.191
9	4310.376	4259.5	4042.544	4195.397	4404.56	1620.808	1401.792	1627.501	1310.722	2337.802	1287.527	2762.544	3094.451	3024.827	847.041	3018.081	1120.264	1057.369	1687.512	1935.867	2007.08	2845.562	4092.777	1521.952	3603.14	1663.943	2825.207	1131.816	3189.953	1556.15	3473.702	2603.47	1139.057	1112.394
10	4314.801	4369.879	4055.42	4194.582	4475.61	1749.879	1473.044	1718.693	1341.459	2482.926	1332.33	3007.528	3214.208	3184.441	854.99	3293.18	1190.575	1060.13	1808.021	2005.594	2085.042	2947.894	4518.053	1602.557	3736.584	1750.867	2833.275	1160.858	3451.986	1575.88	3671.837	2845.383	1142.886	1095.237
11	4311.105	4446.644	4060.156	4200.527	4567.803	1850.865	1523.751	1777.132	1369.453	2580.944	1353.164	3287.706	3409.762	3392.159	879.904	3557.562	1258.679	1034.807	1977.866	2044.229	2152.867	3124.901	4815.075	1653.48	3867.785	1908.375	2916.216	1144.676	3741.699	1605.047	3945.102	3007.976	1193.119	1068.016
12	4342.862	4543.075	4084.448	4206.509	4641.924	1974.675	1564.104	1822.912	1391.48	2660.696	1420.289	3637.579	3695.428	3621.905	910.34	3827.177	1341.257	967.718	2164.503	2070.24	2230.939	3336.48	5035.301	1761.738	4017.357	2141.672	3035.572	1137.843	3973.942	1632.835	4313.365	3161.962	1283.192	1084.823
13	4378.262	4618.568	4117.564	4228.507	4716.098	2063.757	1609.339	1855.859	1427.887	2700.933	1503.957	3844.548	3974.952	3842.951	941.746	4007.531	1425.588	953.45	2392.887	2072.788	2300.99	3615.105	5217.386	1856.916	4173.385	2343.885	3199.488	1131.356	4025.92	1671.462	4740.937	3167.703	1362.994	1052.081
14	4420.077	4655.009	4124.493	4277.492	4830.655	2131.917	1647.308	1882.984	1471.371	2736.017	1614.767	4077.98	4311.451	4111.596	997.93	4236.967	1503.525	930.308	2629.914	2068.611	2387.273	3925.982	5279.146	1934.542	4501.189	2540.343	3487.639	1115.61	4045.779	1739.413	5071.635	3197.76	1453.667	1043.785
15	4462.236	4730.623	4167.554	4313.841	4901.782	2206.21	1668.363	1911.108	1513.794	2712.041	1713.939	4142.479	4553.536	4303.98	994.135	4232.927	1573.003	928.387	2847.87	2072.738	2467.331	4275.577	5369.327	2023.636	4831.107	2742.584	3802.808	1065.058	4050.387	1860.322	5408.43	3180.208	1499.752	1041.964
16	4465.499	4732.052	4201.811	4340.545	4983.667	2211.527	1684.451	1908.278	1546.675	2679.977	1808.753	4257.844	4732.644	4552.868	987.788	4341.068	1631.651	943.774	3044.62	2089.352	2592.876	4553.595	5286.839	2026.573	5368.694	2838.013	4124.091	1055.142	3990.037	1925.756	5643.777	3053.161	1517.679	1038.065
17	4488.912	4745.683	4200.811	4349.299	5035.003	2216.615	1689.456	1899.924	1575.254	2650.656	1887.338	4324.006	4867.289	4754.1	1002.191	4409.186	1682.016	974.663	3225.772	2151.594	2752.472	4779.248	5311.438	2012.566	5784.216	2953.899	4406.43	1076.115	3968.668	2034.666	5797.034	3041.377	1567.718	1076.42
18	4461.054	4696.553	4171.594	4349.376	5111.763	2250.586	1681.432	1906.188	1616.7	2622.04	1977.337	4298.136	4875.591	4859.586	1006.102	4426.424	1720.032	1011.233	3360.566	2253.23	2951.869	4889.072	5454.19	2038.46	6301.893	2944.022	4589.866	1110.167	3917.607	2144.742	5902.885	2938.754	1528.801	1079.893
19	4446.608	4693.612	4157.481	4329.169	5197.335	2168.325	1669.325	1880.213	1624.313	2604.04	2010.196	4392.173	4937.75	5003.366	1012.538	4582.148	1747.366	1033.602	3450.779	2382.455	3146.494	4956.403	5793.814	2035.485	6731.411	2996.314	4725.589	1143.62	3972.574	2245.829	5892.876	3009.09	1521.423	1116.081
20	4426.985	4686.731	4169.068	4303.523	5299.718	2144.135	1656.786	1904.805	1638.688	2628.179	2061.322	4359.256	4804.543	4985.803	997.836	4722.87	1750.15	1069.31	3501.622	2533.591	3341.353	4993.739	6247.965	2040.679	6904.097	2987.818	4826.928	1219.385	4198.111	2329.248	5828.33	3129.443	1485.023	1126.688
21	4403.496	4674.492	4173.604	4300.273	5412.802	2146.286	1671.661	1925.133	1652.73	2706.023	2087.142	4533.994	4876.908	5111.754	1002.628	5111.746	1749.307	1094.828	3526.602	2673.116	3531.118	4954.282	6688.013	2009.742	6972.294	2901.925	4630.18	1246.114	4468.581	2358.298	5729.229	3293.436	1433.259	1129.202
22	4389.582	4725.968	4173.484	4282.602	5544.139	2168.803	1715.926	1971.077	1649.03	2827.574	2115.419	4778.63	4852.215	5069.358	1001.393	5359.804	1716.094	1099.73	3544.501	2785.662	3654.52	4867.408	7226.232	2076.032	7076.083	2914.65	4540.216	1282.199	4939.155	2396.054	5643.31	3626.911	1417.043	1117.666
23	4398.358	4855.343	4189.481	4239.129	5652.276	2212.948	1791.801	2035.387	1669.138	2987.176	2126.409	5140.878	5054.447	5132.342	1006.425	5690.286	1716.042	1079.022	3575.121	2829.532	3789.635	4822.588	7612.275	2098.829	6931.842	2965.605	4445.924	1287.877	5326.925	2449.758	5638.233	3854.98	1378.348	1086.135
24	4409.849	5038.658	4234.61	4241.261	5788.587	2269.485	1874.229	2086.14	1675.039	3145.12	2151.76	5572.346	5381.242	5206.305	1018.62	5778.098	1738.807	1083.28	3694.644	2833.378	3942.659	4794.244	7779.366	2177.019	6821.401	3144.777	4422.502	1293.724	5758.91	2477.104	5742.293	4090.646	1412.789	1075.834
25	4422.823	5225.57	4280.295	4262.081	5925.326	2342.895	1944.922	2134.841	1675.399	3271.409	2196.42	5874.628	5765.404	5413.334	1055.731	5879.736	1816.26	1088.075	3900.122	2818.219	4034.13	4929.915	7964.784	2260.637	6734.412	3504.117	4651.073	1297.901	6023.301	2471.447	5984.509	4324.486	1487.26	1061.162
26	4485.298	5454.541	4322.771	4271.13	6033.182	2414.144	1999.755	2175.806	1710.278	3389.401	2267.115	6275.079	6275.905	5835.19	1092.603	5830.146	1937.946	1074.62	4216.754	2759.428	4091.058	5215.572	7868.718	2324.687	6914.569	3776.968	4789.126	1246.871	6073.102	2499.954	6382.92	4337.025	1588.76	1030.219
27	4533.172	5624.909	4380.531	4337.823	6144.759	2490.91	2049.764	2198.932	1737.449	3449.484	2374.138	6462.297	6732.367	6269.581	1154.408	5685.117	2084.825	1063.055	4653.318	2693.435	4139.331	5663.783	7668.782	2369.878	7216.487	4220.21	5264.354	1247.684	6129.666	2539.403	6832.46	4399.259	1788.902	1049.142
28	4572.071	5759.77	4447.108	4395.216	6161.929	2571.53	2105.589	2221.496	1778.035	3467.083	2538.841	6734.96	7239.146	6843.625	1219.31	5609.986	2251.775	1067.814	5172.871	2618.366	4197.284	6188.056	7497.305	2416.119	7837.962	4523.134	5588.462	1217.862	5870.013	2601.872	7275.059	4322.319	1961.944	1056.465
29	4628.375	5805.171	4477.12	4433.819	6147.524	2653.686	2085.633	2227.727	1828.456	3440.687	2699.013	6752.449	7392.332	7218.194	1280.993	5391.315	2428.252	1073.169	5677.242	2571.006	4335.79	6760.924	7461.974	2474.967	8679.782	4799.805	6123.8	1261.492	5808.79	2688.585	7690.383	4249.076	2117.74	1084.954
30	4665.554	5809.567	4522.919	4462.743	6164.162	2704.167	2087.025	2253.134	1882.155	3390.779	2853.528	6856.85	7648.523	7652.51	1350.714	5415.608	2563.386	1090.236	6038.009	2561.026	4524.406	7243.694	7507.688	2512.317	9424.342	4983.074	6491.864	1299.869	5638.867	2773.022	7941.961	4206.999	2251.443	1127.094
31	4697.985	5796.891	4527.933	4441.013	6127.383	2730.489	2066.206	2239.166	1927.685	3343.035	2988.868	6788.887	7578.059	7804.078	1353.569	5390.519	2652.178	1114.094	6199.885	2595.016	4767.684	7576.364	7691.87	2484.734	10124.966	4979.935	6682.638	1340.882	5519.363	2878.894	8062.357	4043.892	2250.546	1160.151
32	4668.352	5724.343	4571.602	4433.113	6152.034	2732.474	2064.876	2239.438	1950.693	3299.244	3073.504	6785.562	7499.542	7953.266	1358.792	5631.128	2695.639	1156.266	6272.378	2698.489	5096.571	7813.984	8213.719	2478.234	10702.529	5054.702	6916.67	1421.767	5725.077	2998.806	8080.37	4056.939	2282.166	1219.319
33	4685.946	5668.072	4614.846	4426.495	6190.052	2697.346	2056.001	2250.305	1973.64	3277.349	3082.318	6849.049	7360.234	7874.795	1366.433	5917.71	2722.225	1188.777	6160.47	2885.402	5469.623	7901.294	8923.453	2489.164	10864.533	4864.739	6633.453	1434.614	5787.718	3103.767	7976.12	4183.247	2246.082	1264.8
34	4641.225	5573.145	4647.595	4405.779	6294.689	2669.372	2063.719	2264.5	1974.268	3309.441	3068.79	6970.532	7144.995	7624.771	1360.023	6286.724	2698.503	1222.158	6052.26	3075.072	5807.833	7877.645	9546.723	2484.61	10906.277	4739.927	6511.095	1486.441	6209.824	3191.145	7819.858	4391.686	2158.532	1311.665
35	4604.389	5528.634	4676.425	4363.004	6375.216	2656.645	2062.165	2295.724	1967.203	3377.767	3021.267	7460.15	7242.09	7595.922	1387.848	6790.56	2678.068	1241.797	5893.074	3278.11	6093.584	7711.3	10417.798	2568.575	10828.122	4668.652	6385.808	1513.294	6593.507	3293.888	7693.367	4794.659	2150.521	1372.981
36	4604.204	5559.978	4754.039	4364.09	6489.529	2671.957	2083.19	2299.328	1938.173	3473.497	2944.565	7851.433	7202.673	7328.711	1345.515	6968.476	2623.891	1242.799	5711.569	3434.654	6255.135	7550.506	10816.668	2576.857	10641.317	4579.46	6213.964	1522.167	7114.417	3343.357	7568.882	5164.485	2064.213	1377.413
37	4600.213	5625.07	4781.708	4372.661	6627.507	2643.013	2128.013	2321.221	1910.58	3597.729	2870.959	8503.066	7528.887	7319.252	1352.099	7239.347	2571.759	1243.24	5547.343	3518.829	6353.116	7339.847	10892.358	2584.307	10369.452	4589.51	6291.302	1530.455	7672.361	3395.083	7453.903	5481.799	2021.648	1400.609
38	4571.384	5795.386	4860.282	4371.164	6606.39	2642.408	2149.532	2336.829	1893.927	3712.048	2794.337	8732.947	7644.822	7209.668	1350.454	7086.019	2526.273	1234.46	5428.139	3528.987	6308.366	7104.807	10930.379	2584.296	10064.047	4477.891	6155.922	1490.577	7664.795	3414.799	7414.602	5812.825	2001.143	1444.349
39	4582.279	6105.402	4958.959	4369.822	6623.99	2607.398	2188.86	2351.752	1881.583	3822.731	2726.497	8932.663	7839.007	7414.467	1349.899	6926.785	2465.463	1216.406	5365.443	3486.322	6170.337	6957.432	10646.092	2578.439	9857.646	4560.174	6280.616	1474.523	7778.877	3443.981	7505.673	5806.062	1945.202	1418.263
40	4597.223	6366.354	5009.173	4386.041	6593.61	2594.237	2250.782	2344.03	1879.606	3900.263	2678.668	8964.502	8007.591	7714.544	1388.584	6746.374	2451.165	1202.804	5447.265	3419.466	6003.296	6955.692	10272.664	2566.453	9721.805	4652.087	6453.616	1455.833	7638.829	3472.892	7737.985	5907.195	1982.684	1443.839
41	4628.805	6698.442	5079.953	4396.639	6593.098	2559.351	2246.365	2322.936	1917.837	3972.027	2664.974	8794.604	7985.638	8030.795	1435.227	6494.382	2432.191	1188.697	5691.553	3317.725	5856.391	7089.023	9957.938	2601	10003.309	4875.106	6788.824	1460.991	7552.396	3506.247	8157.5	5837.804	2005.684	1434.236
42	4653.416	6988.079	5172.235	4397.023	6479.675	2540.563	2251.798	2314.123	1969.581	4037.983	2700.311	8671.203	8061.137	8633.97	1509.912	6385.825	2485.632	1167.414	6043.339	3186.767	5713.064	7409.688	9665.755	2675.127	10394.403	5243.646	7412.281	1538.709	7571.496	3599.184	8637.292	5616.377	2115.456	1460.971
43	4684.078	7138.894	5245.582	4416.118	6438.953	2541.954	2236.497	2318.613	2059.596	4084.388	2787.128	8288.803	7914.72	8972.188	1562.409	6233.36	2566.916	1160.813	6534.8	3064.933	5705.726	7890.448	9337.921	2727.313	11079.212	5527.554	7536.912	1568.222	7264.425	3706.267	9195.781	5547.85	2284.059	1508.359
44	4693.961	7257.702	5292.585	4396.854	6447.525	2543.286	2282.943	2309.131	2156.021	4131.691	2910.574	8231.729	8082.427	9477.474	1673.344	6459.89	2700.228	1166.736	7024.707	2981.983	5846.374	8538.82	9498.904	2859.572	11901.961	5960.381	7889.977	1640.396	7249.516	3838.046	9700.993	5349.744	2394.081	1556.373
45	4743.44	7188.258	5335.312	4375.184	6414.549	2598.438	2322.969	2335.409	2244.592	4131.755	3057.882	8083.521	8004.29	9540.674	1715.303	6671.312	2881.458	1192.271	7495.212	2945.949	6157.792	9217.365	9736.354	2995.9	13060.717	6304.363	8051.879	1723.497	7227.922	3959.467	10069.247	5279.952	2559.966	1669.943
46	4748.165	7121.781	5397.305	4383.182	6485.553	2650.779	2381.771	2370.698	2307.886	4161.186	3183.409	8217.625	8174.187	9763.948	1785.753	7258.852	3082.498	1217.766	7890.086	2989.701	6549.845	9819.356	10465.819	3164.22	13895.688	6637	8279.478	1807.298	7543.348	4095.132	10296.275	5361.35	2714.363	1787.416
47	4739.822	6966.874	5464.113	4385.696	6583.802	2781.654	2375.084	2421.42	2372.06	4188.662	3304.055	8678.615	8478.109	9721.185	1830.521	7788.226	3280.276	1238.908	8125.701	3113.949	7103.172	10346.168	11312.151	3329.642	14436.75	6992.881	8452.033	1895.595	8085.622	4224.339	10335.755	5510.716	2756.753	1938.131
48	4764.927	6773.946	5486.508	4401.127	6780.226	2839.243	2438.019	2491.729	2382.219	4243.783	3389.997	9116.763	8692.475	9468.906	1838.657	8289.956	3462.746	1285.655	8210.733	3333.641	7670.302	10690.119	12193.299	3513.496	14845.865	7032.81	8251.226	1885.547	8450.008	4318.772	10268.118	5953.106	2869.453	2113.984
49	4782.12	6692.251	5587.51	4445.599	6969.234	2947.13	2504.33	2570.589	2376.416	4336.134	3436.558	9843.322	9199.485	9232.764	1852.06	8639.396	3588.1	1330.802	8194.794	3634.279	8245.671	10836.786	13029.736	3654.179	14998.854	7077.344	8231.623	1901.577	9129.728	4402.296	10235.973	6299.696	2825.947	2250.323
50	4790.65	6585.375	5659.9	4453.528	7155.748	3159.249	2566.071	2671.602	2366.202	4458.297	3440.406	10379.445	9521.547	8917.341	1830.192	8734.652	3688.563	1361.292	8185.788	4005.132	8713.692	10930.425	13646.282	3828.036	14975.331	7108.519	8074.993	1875.778	9544.799	4419.322	10002.576	6922.036	2820.495	2382.973
51	4790.087	6578.032	5771.807	4467.602	7337.568	3242.405	2650.132	2737.15	2301.977	4565.631	3405.514	11038.66	10131.521	8859.748	1844.616	8842.475	3727.896	1400.13	8081.315	4340.325	9005.236	10794.184	13801.814	3906.382	14717.531	7135.44	8137.567	1887.592	10024.617	4412.924	9882.601	7467.81	2808.527	2505.927
52	4804.86	6729.778	5859.177	4486.194	7449.371	3357.566	2712.974	2802.504	2270.608	4714.637	3354.144	11199.911	10265.36	8732.313	1837.938	8572.292	3748.86	1429.23	7970.814	4589.222	9083	10526.133	13932.112	3960.661	14360.989	7248.468	8395.628	1917.316	10516.639	4410.656	9812.852	7861.444	2714.393	2512.611
53	4774.219	6878.75	5912.864	4485.446	7578.782	3427.437	2710.59	2867.797	2206.012	4811.648	3286.288	11255.569	10478.243	8914.493	1835.335	8382.802	3727.097	1426.788	7838.326	4752.184	9126.619	10299.038	13722.332	4006.021	14180.164	7144.04	8408.84	1862.666	10391.017	4406.569	9690.35	8369.537	2701.99	2584.864
54	4785.983	7154.081	5949.118	4479.154	7661.066	3441.731	2662.047	2846.505	2158.747	4892.741	3213.141	11105.883	10481.258	8985.734	1838.677	8041.411	3672.748	1439.264	7720.678	4767.349	8868.586	10001.971	13254.719	4033.915	13781.987	7053.983	8596.084	1863.395	10276.818	4398.011	9663.01	8345.076	2584.957	2530.372
55	4767.805	7350.93	6004.312	4450.787	7556.61	3330.491	2660.059	2828.773	2111.61	4896.085	3131.608	10557.324	10173.107	8964.948	1801.484	7695.107	3610.248	1418.006	7595.242	4729.458	8674.784	9708.404	12684.166	3980.338	13292.735	7032.101	8600.895	1856.98	10080.193	4438.931	9675.071	8368.078	2514.958	2528.883
56	4754.064	7523.438	5956.054	4429.881	7474.639	3319.698	2631.479	2786.655	2106.926	4872.34	3066.382	10189.978	9963.361	9120.682	1820.527	7406.616	3498.454	1403.099	7469.484	4623.535	8316.873	9466.326	12131.278	3918.73	13079.892	6831.941	8657.041	1870.093	9938.395	4479.244	9748.754	8341.59	2479.071	2499.826
57	4751.237	7707.883	5988.861	4396.563	7307.956	3229.973	2556.912	2728.125	2113.311	4795.86	3004.989	9575.169	9435.983	9008.188	1822.298	7117.805	3409.04	1390.813	7384.309	4452.63	8045.442	9333.607	11675.972	3886.552	12787.637	6662.817	8517.425	1850.58	9668.803	4527.044	9909.26	7939.761	2401.97	2442.086
58	4746.311	7728.979	5958.567	4379.704	7200.913	3138.756	2522.22	2672.649	2155.684	4737.963	2973.645	9189.375	9075.768	9106.563	1862.535	7058.046	3331.091	1385.053	7410.421	4309.664	7777.83	9300.8	11228.632	3794.684	12626.748	6468.886	8384.636	1856.422	9490.46	4604.729	10147.565	7781.265	2446.551	2467.501
59	4743.125	7709.786	5957.562	4346.704	7048.392	2989.611	2463.688	2606.308	2237.212	4661.246	2989.517	8637.976	8591.139	8926.508	1907.65	7060.529	3268.469	1375.199	7461.09	4129.642	7630.364	9416.287	10838.223	3737.612	12922.371	6389.303	8499.067	1885.729	9598.078	4691.194	10528.116	7415.419	2458.167	2420.395
60	4757.879	7766.357	6043.094	4331.395	6961.862	2914.392	2463.333	2567.933	2340.983	4600.056	3044.041	8509.708	8422.831	9287.768	2029.373	7511.69	3228.851	1383.169	7649.245	3977.897	7597.96	9712.672	10961.708	3738.749	13438.718	6326.41	8629.17	1938.978	9894.748	4766.69	10992.542	7322.053	2605.115	2474.84
61	4807.213	7737.488	6152.268	4350.811	6894.04	2840.229	2485.306	2554.957	2482.509	4625.122	3128.135	8347.21	8190.566	9139.545	2168.9	7905.883	3274.146	1389.868	7954.701	3802.707	7713.329	10047.996	11370.567	3843.611	14237.771	6161.871	8695.77	1918.423	10226.749	4894.167	11454.808	7078.436	2749.906	2506.242
62	4855.358	7686.685	6228.532	4384.502	6934.123	2775.921	2585.844	2560.386	2619.27	4666.637	3255.488	8561.177	8403.705	9402.12	2314.557	8636.189	3375.269	1394.195	8338.76	3693.664	8053.562	10500.284	12056.463	3966.448	14809.997	6240.523	9040.699	1948.007	10941.891	4995.343	11979.405	7116.19	2950.248	2641.406
63	4885.257	7648.775	6445.479	4442.279	7014.25	2766.278	2750.327	2606.143	2728.92	4769.386	3407.811	9031.787	8762.41	9512.744	2480.312	9215.887	3539.378	1432.146	8845.805	3660.398	8602.883	10875.594	13039.867	4222.851	15601.903	6367.991	9442.051	1981.857	11448.308	5133.471	12430.382	7390.192	3188.056	2797.922
64	4934.667	7630.648	6648.434	4520.388	7229.593	2806.921	2888.765	2692.968	2825.213	4939.253	3556.451	9532.814	9507.489	9782.374	2657.712	9787.299	3789.236	1470.678	9420.33	3684.849	9298.895	11358.489	13932.995	4559.973	16372.627	6535.604	9781.863	2026.781	12049.246	5216.021	12784.678	7607.159	3393.618	2976.251
65	5012.637	7678.366	6782.053	4592.367	7498.06	2887.608	3151.868	2791.669	2864.948	5136.525	3726.684	10361.704	10550.772	10185.236	2814.667	10332.833	4074.768	1522.258	9991.676	3785.395	10033.671	11646.823	14793.985	4905.532	16636.814	6964.272	10317.638	2077.911	12554.73	5298.713	13020.087	8095.03	3577.729	3186.907
66	5040.139	7886.078	6940.937	4652.647	7813.059	3051.677	3351.862	2947.329	2886.232	5304.697	3852.865	10841.428	11476.862	10168.435	2888.261	10310.138	4371.201	1587.301	10487.115	3942.976	10755.726	11911.114	15661.957	5396.737	17012.734	7264.511	10482.745	2072.533	12662.162	5338.124	13182.546	8451.507	3649.795	3385.902
67	5135.287	8218.889	7050.449	4672.703	8189.934	3226.413	3414.065	3118.585	2870.18	5480.307	3952.799	11487.089	12682.952	10470.58	2998.41	10499.845	4689.424	1661.879	10869.009	4175.911	11478.908	12069.816	15779.751	5743.375	17308.246	7641.003	10693.781	2102.281	12704.25	5418.95	13242.786	8939.093	3703.164	3660.078
68	5156.835	8477.868	7108.785	4687.946	8425.522	3402.183	3588.906	3253.012	2830.132	5603.969	4004.065	11606.945	13306.68	10373.868	2999.442	10232.956	4928.69	1740.204	11060.27	4428.761	11870.806	12012.72	15823.298	6035.11	16923.572	7822.077	10632.32	2133.833	12422.214	5506.685	13239.842	9217.219	3667.32	3776.502
69	5178.714	8836.645	7100.716	4652.792	8673.199	3529.886	3600.832	3383.423	2766.312	5662.354	4017.31	11734.167	13975.965	10465.245	3075.04	10108.763	5140.446	1806.101	11076.413	4623.433	12019.861	11799.576	15830.886	6323.227	16937.57	8031.704	10554.397	2109.473	12342.886	5593.124	13254.084	9413.849	3625.128	3901.29
70	5192.244	8977.132	7045.071	4639.298	8893.632	3694.553	3568.333	3439.922	2701.374	5648.737	3970.438	11507.804	14105.596	10104.74	3046.047	9504.866	5263.959	1852.849	10966.077	4746.342	12021.074	11569.543	15508.739	6388.622	16726.07	8054.516	10514.446	2152.078	12026.866	5670.94	13108.302	9462.845	3522.013	3985.173
71	5196.974	8986.164	6941.091	4595.164	8812.404	3703.353	3427.114	3448.8	2613.598	5593.998	3898.131	11287.672	14109.952	9776.312	2962.659	9170.957	5307.252	1890.265	10766.791	4836.963	11744.742	11269.277	14894.164	6340.395	16080.111	7893.633	10105.493	2087.192	11495.003	5680.258	12900.264	9218.896	3362.565	3922.584
72	5223.723	8999.902	6823.773	4563.17	8830.344	3757.469	3346.553	3429.087	2559.444	5472.492	3795.701	10987.836	13949.838	9457.736	2899.366	8742.367	5232.73	1904.532	10397.025	4777.695	11320.627	10894.132	14485.129	6207.205	15626.646	7825.828	9802.894	2059.643	11157.195	5683.043	12542.588	9195.352	3267.785	3977.954
73	5194.382	8940.25	6733.858	4497.523	8612.271	3671.513	3238.998	3362.507	2486.66	5304.849	3689.023	10291.033	13235.82	9061.66	2776.023	8337.734	5123.347	1883.151	9921.466	4676.918	10925.08	10519.497	14017.876	6171.777	15335.462	7501.096	9374.841	2013.296	10613.262	5664.15	12334.809	8723.378	3094.003	3800.557
74	5160.752	8732.307	6655.895	4489.229	8474.725	3656.339	3121.685	3306.746	2446.684	5110.416	3582.31	9924.601	12784.936	8910.125	2719.156	8211.521	4989.649	1873.443	9444.56	4570.009	10568.797	10130.792	13326.353	5999.689	14673.701	7256.549	8980.271	1980.446	10360.401	5601.913	12192.883	8476.708	3004.812	3762.466
75	5220.636	8653.822	6647.956	4468.167	8245.164	3619.835	3062.636	3217.502	2451.458	4969.444	3478.031	9422.125	12111.174	8653.44	2585.488	8002.224	4825.481	1842.337	8965.711	4454.637	10214.301	9826.15	12777.141	5793.27	14083.837	7022.055	8644.359	1957.879	10154.64	5508.77	12137.197	8082.393	2880.723	3658.835
76	5198.22	8366.853	6635.417	4468.295	8050.473	3458.99	2909.709	3145.754	2496.649	4848.365	3394.204	9174.348	11635.675	8768.25	2553.868	8307.561	4640.88	1824.54	8548.392	4302.571	9893.541	9553.482	12449.346	5583.548	13780.608	6673.86	8452.287	1976.133	10161.029	5419.325	12196.46	7822.155	2866.354	3638.225
77	5195.823	8211.635	6797.62	4462.717	7801.569	3335.48	2934.232	3087.848	2606.113	4753.365	3356.515	8883.339	10990.069	8856.308	2531.782	8523.503	4467.597	1798.656	8334.825	4121.281	9675.533	9404.55	12058.96	5409.305	13535.915	6422.527	8596.867	2038.44	10396.749	5404.482	12397.379	7614.457	2936.524	3653.584
78	5194.167	7957.021	6965.823	4514.871	7745.711	3200.206	3017.213	3016.183	2763.946	4712.126	3355.106	8919.06	10713.182	9428.846	2605.265	9236.34	4351.003	1788.031	8386.858	3963.126	9492.712	9240.287	12238.829	5301.651	13270.911	6146.311	8835.881	2112.867	10575.577	5410.609	12783.196	7385.824	3038.565	3669.146
79	5194.31	7882.483	7209.564	4577.847	7665.097	3078.689	3145.526	2971.865	2970.385	4704.227	3427.547	8963.255	10183.606	9948.243	2696.105	9767.643	4225.92	1814.501	8695.454	3831.388	9478.983	9207.497	12623.255	5213.542	13356.479	5981.209	9413.951	2201.374	10881.557	5463.806	13190.015	7331.55	3281.375	3792.514
80	5227.46	7885.587	7476.332	4632.981	7704.919	3015.946	3368.602	2940.765	3187.542	4765.514	3538.849	9222.008	9997.667	10655.164	2886.636	10581.325	4224.146	1822.973	9282.056	3742.558	9640.16	9159.531	13231.722	5276.353	13589.178	5782.226	10046.395	2305.366	11109.876	5637.727	13741.499	7172.826	3512.953	3846.767
81	5241.081	7950.329	7755.651	4705.818	7753.407	2956.031	3668.777	2922.249	3415.607	4808.504	3714.83	9765.271	9997.359	11345.659	3206.014	11236.858	4292.812	1844.902	10076.023	3653.294	9840.98	9093.938	13991.264	5295.55	13684.598	5584.674	10564.858	2373.329	10977.784	5894.225	14339.996	7383.754	3837.912	4065.279
82	5283.271	8107.884	7973.649	4736.652	7826.745	2872.787	3937.154	2941.979	3623.78	4859.166	3922.106	10120.442	9793.791	11705.852	3447.718	11546.354	4499.956	1885.962	11012.289	3608.302	10200.839	9071.441	14528.506	5296.974	13894.421	5544.05	11149.49	2410.658	10961.131	6210.526	14720.434	7374.736	4114.028	4166.961
83	5334.154	8396.336	8216.261	4808.765	7985.562	2972.21	4346.237	2952.255	3735.441	4860.496	4118.104	10781.728	9997.677	12212.724	3740.087	11921.841	4764.273	1945.958	11899.547	3577.995	10621.428	8999.491	15106.119	5379.772	14154.657	5421.525	11477.32	2435.633	10933.089	6549.952	14939.665	7506.002	4381.359	4374.187
84	5364.949	8638.35	8358.294	4817.877	8113.577	2974.225	4729.92	3000.975	3779.963	4852.062	4298.961	11016.211	9961.527	12057.291	3887.555	11839.185	5115.516	2020.616	12640.135	3577.715	10963.813	8981.078	15639.222	5413.416	14386.753	5403.643	11573.49	2418.753	10654.243	6889.894	15053.401	7590.693	4520.818	4460.591
85	5396.326	8751.802	8324.793	4818.526	8211.695	3021.252	5006.413	3058.829	3784.004	4810.101	4427.641	11477.792	10244.075	12127.645	4076.585	11809.142	5445.398	2118.535	13127.336	3615.795	11205.012	8855.012	15692.438	5322.861	14224.876	5318.001	11506.628	2397.743	10394.449	7146.684	15015.15	7471.33	4530.067	4476.644
86	5384.682	8843.985	8348.377	4797.57	8255.811	3093.73	5074.454	3093.457	3723.375	4745.414	4502.51	11628.601	10195.562	11928.729	4141.979	11346.715	5763.646	2207.272	13437.316	3632.058	11404.585	8718.888	15783.684	5310.408	14216.551	5147.431	11205.179	2336.991	9982.065	7325.729	14958.554	7561.403	4596.319	4563.708
87	5383.902	8839.851	8204.421	4780.213	8316.439	3159.233	5070.467	3106.509	3622.315	4640.086	4503.118	11591.707	10141.173	11589.73	4117.101	11110.915	5992.991	2307.253	13438.896	3624.789	11395.507	8502.957	15654.247	5151.124	13769.101	5039.561	10935.745	2307.618	9695.359	7409.457	14788.923	7423.11	4486.025	4567.27
88	5374.089	8744.039	8144.023	4736.069	8151.379	3167.082	5032.065	3118.589	3511.821	4520.896	4435.47	11480.219	10098.721	11402.617	4081.41	10722.853	6114.822	2376.433	13221.454	3593.099	11194.239	8241.117	15410.438	5002.972	13434.657	4960.259	10588.563	2236.208	9310.442	7402.236	14460.666	7310.089	4360.207	4524.635
89	5348.786	8553.587	7936.384	4700.147	8047.526	3144.651	4925.069	3087.746	3385.334	4398.139	4350.113	10980.979	9745.957	10795.296	3844.393	10145.732	6136.342	2457.12	12838.212	3522.913	10950.688	7947.116	14900.229	4827.824	13014.915	4814.872	10170.152	2191.512	8911.833	7229.523	14200.678	7006.539	4228.657	4411.671
90	5312.048	8381.264	7812.858	4670.887	7880.607	3084.413	4734.198	3037.356	3254.569	4220.433	4226.93	10668.204	9539.444	10499.642	3726.603	9859.971	6077.847	2483.443	12286.388	3426.989	10654.384	7657.419	14123.444	4615.511	12437.552	4691.459	9820.352	2191.898	8690.332	7064.392	13776.424	6726.298	4077.382	4353.802
91	5319.464	8247.049	7664.584	4624.53	7681.149	3070.354	4502.43	2989.461	3122.472	4088.047	4101.518	10039.252	9049.19	10010.363	3572.246	9372.464	5962.503	2490.663	11759.861	3324.048	10373.952	7384.048	13612.263	4423.564	11942.983	4465.042	9352.411	2136.455	8215.812	6804.413	13400.508	6396.281	3918.818	4267.402
92	5270.089	7986.72	7547.027	4623.835	7631.909	2988.798	4397.123	2916.277	3043.532	3971.705	3972.431	9674.576	8748.198	9834.836	3469.416	9226.938	5815.141	2471.469	11063.443	3195.35	9998.784	7103.636	13018.178	4244.151	11569.267	4283.937	9062.357	2147.295	7839.167	6518.891	13028.052	6119.974	3744.717	4196.549
93	5249.313	7835.597	7518.884	4594.924	7391.547	2913.064	4147.765	2843.889	2983.141	3862.974	3875.207	9180.839	8265.551	9650.955	3311.092	8986.023	5624.52	2437.436	10501.054	3082.368	9702.649	6863.135	12257.667	4068.192	11009.464	4127.846	8971.259	2178.784	7636.062	6245.977	12753.711	5890.999	3633.153	4115.755
94	5204.979	7602.708	7523.612	4632.726	7318.417	2766.353	4054.892	2789.215	2995.807	3774.028	3784.388	8851.348	7927.011	9729.93	3184.686	9176.508	5449.916	2390.612	10069.025	2970.72	9425.782	6670.748	11685.31	3978.764	10778.4	3970.824	8978.156	2207.635	7439.309	6047.704	12568.513	5597.124	3566.915	4049.683
95	5186.392	7523.937	7660.368	4683.36	7238.408	2699.063	4005.392	2738.263	3053.198	3696.38	3717.459	8718.205	7655.013	9978.02	3053.22	9395.404	5314.82	2370.747	9820.575	2879.115	9186.796	6465.213	11637.277	3957.92	10309.82	3851.942	9180.175	2268.561	7374.25	5949.579	12513.445	5439.51	3578.246	4061.544
96	5160.725	7422.929	7916.04	4749.331	7122.917	2654.405	3970.881	2689.359	3165.859	3653.831	3706.433	8545.522	7276.405	10206.464	2969.426	9658.064	5149.292	2316.727	9773.025	2799.276	8988.983	6304.699	11414.843	3878.259	9990.945	3738.197	9416.525	2301.981	7233.887	5956.794	12567.692	5215.076	3596.287	4030.203
97	5182.424	7437.127	8214.763	4820.392	7092.811	2517.653	4069.134	2663.346	3309.084	3628.973	3722.829	8724.206	7094.298	10801.235	2931.764	10153.033	5061.729	2302.146	9976.392	2734.06	8889.484	6233.522	11536.794	3943.84	9718.746	3692.787	9859.779	2386.936	7189.65	6171.272	12693.443	5105.835	3749.781	4093.189
98	5149.963	7388.845	8509.184	4923.431	7128.153	2492.746	4186.488	2645.137	3453.335	3581.237	3769.482	8669.173	6764.403	10991.344	2849.817	10298.884	5027.179	2283.606	10347.223	2715.554	8842.809	6157.017	11715.06	4031.883	9664.431	3677.618	10370.628	2434.84	7168.463	6460.056	12882.72	4947.176	3880.893	4071.159
99	5145.915	7464.999	8915.582	4997.814	7157.357	2466.381	4300.526	2641.135	3562.628	3537.511	3857.416	9001.851	6709.905	11400.062	2871.453	10609.998	5033.916	2261.699	10886.752	2674.12	8751.55	6101.562	11920.24	4060.081	9381.927	3648.49	10657.951	2469.411	7051.742	6857.354	13075.158	4843.132	4059.972	4163.17
100	5165.804	7579.574	9196.729	5079.163	7236.414	2430.737	4448.464	2644.115	3657.928	3494.066	3979.593	9247.444	6631.879	11597.542	2821.392	10687.183	5073.057	2262.746	11541.812	2664.296	8622.807	6013.953	11978.916	4070.638	9303.761	3619.389	10904.202	2494.071	7047.209	7254.468	13257.109	4753.028	4175.962	4185.813
101	5139.994	7612.962	9369.159	5165.51	7397.065	2426.978	4712.041	2647.765	3731.135	3443.542	4109.109	9413.976	6536.77	11608.751	2790.424	10726.122	5137.738	2248.669	12071.252	2654.408	8518.973	5925.372	12273.097	4172.46	9198.192	3587.504	10941.089	2499.463	6877.645	7602.922	13322.95	4669.26	4356.374	4214.529
102	5114.516	7666.771	9521.649	5161.503	7374.824	2411.436	4805.081	2655.039	3736.239	3363.809	4198.608	9727.934	6512.15	11697.557	2767.646	10746.329	5231.65	2262.721	12566.934	2649.508	8441.847	5888.831	12209.06	4132.111	8983.312	3560.896	10988.414	2538.802	6759.401	7896.321	13343.051	4625.425	4506.003	4286.633
103	5101.173	7633.85	9367.339	5126.844	7427.164	2387.797	4839.559	2646.022	3677.477	3288.53	4248.091	9661.492	6395.571	11286.948	2698.43	10404.535	5334.242	2276	12912.604	2637.867	8366.689	5803.273	12193.359	4131.593	8926.048	3557.6	10840.845	2550.312	6622.634	8059.445	13253.042	4578.297	4543.039	4269.352
104	5094.842	7602.5	9229.973	5072.364	7428.971	2381.907	4881.602	2643.55	3594.198	3188.174	4239.748	9880.319	6409.784	11095.552	2699.923	10250.166	5371.887	2269.026	12997.785	2619.062	8174.182	5664.376	12236.082	4094.777	8654.443	3457.45	10514.457	2554.202	6430.536	8034.998	13040.082	4445.763	4528.322	4248.566
105	5053.752	7554.366	9137.885	5021.429	7319.902	2369.883	4699.426	2614.328	3465.653	3092.78	4179.157	9615.857	6183.074	10480.302	2567.355	9697.858	5380.898	2271.958	12722.102	2565.843	7933.933	5544.323	11920.501	4009.13	8475.872	3411.601	10177.655	2560.784	6254.815	8009.713	12696.475	4338.116	4436.659	4190.468
106	5032.058	7387.519	8797.894	4973.615	7283.291	2304.925	4677.359	2564.697	3325.509	3009.269	4117.453	9481.415	6055.918	10167.073	2489.861	9427.729	5328.716	2258.983	12339.646	2525.766	7664.122	5393.063	11644.879	3900.531	8168.991	3411.199	10008.349	2571.464	6134.522	7771.582	12370.054	4175.113	4306.463	4103.767
107	5027.377	7356.72	8631.686	4895.498	7147.841	2265.667	4538.177	2519.354	3205.179	2901.722	4026.243	9188.214	5853.134	9835.237	2390.741	9094.514	5228.79	2234.174	11854.549	2475.192	7380.588	5262.17	11156.644	3756.947	7867.612	3312.092	9487.798	2527.934	5875.623	7513.032	11911.743	4097.573	4180.057	4014.84
108	5004.391	7255.218	8373.085	4857.904	7051.583	2246.265	4380.696	2485.675	3100.801	2845.215	3950.12	8859.563	5636.487	9344.67	2243.547	8677.901	5071.162	2189.958	11339.801	2401.837	7085.042	5114.321	10601.765	3652.074	7644.823	3230.145	9076.862	2488.52	5641.49	7198.504	11449.091	3925.152	3983.307	3911.39
109	4968.352	7180.202	8247.199	4788.821	6852.311	2196.199	4222.454	2432.22	2982.24	2748.912	3822.21	8622.342	5479.944	9147.09	2149.999	8512.891	4903.436	2139.926	10771.654	2358.817	6884.687	5003.3	10246.659	3570.226	7398.411	3129.193	8709.092	2444.989	5420.014	6884.58	11024.479	3796.954	3898.311	3856.393
110	4939.815	7032.872	8075.688	4778.201	6758.025	2140.059	4067.887	2392.177	2910.504	2682.963	3704.133	8186.039	5157.288	8834.185	2014.6	8215.041	4767.638	2117.911	10310.453	2296.125	6648.473	4866.323	9712.858	3437.023	7141.843	3114.51	8514.397	2480.763	5288.658	6651.935	10717.661	3653.734	3727.919	3727.304
111	4913.644	6940.592	8124.797	4790.235	6648.811	2087.709	3943.323	2328.37	2816.753	2620.933	3612.716	8051.386	5037.691	8919.518	1929.209	8276.684	4603.852	2070.712	9867.819	2242.325	6493.873	4772.598	9250.601	3387.864	6977.832	3096.039	8274.595	2502.477	5181.167	6396.576	10455.333	3512.977	3614.66	3709.169
112	4883.342	6902.348	8229.043	4874.206	6582.684	2022.509	3850.214	2295.283	2784.861	2566.519	3536.07	7775.543	4802.633	8916.981	1845.673	8290.698	4471.007	2026.506	9546.739	2214	6358.545	4686.652	9129.063	3404.252	6844.901	2992.344	8082.288	2481.779	4991.464	6248.082	10269.922	3427.31	3613.907	3689.272
113	4865.359	6784.233	8312.856	4981.232	6586.225	1983.1	3850.134	2292.915	2800.852	2547.419	3513.663	7512.766	4595.497	9096.64	1756.432	8388.585	4362.066	1970.787	9364.596	2195.761	6312.295	4630.813	8900.869	3421.633	6690.077	3001.858	8101.307	2518.469	4900.529	6206.019	10151.097	3312.346	3529.748	3669.797
114	4854.142	6778.555	8535.816	5087.058	6577.409	1941.321	3843.92	2277.196	2834.554	2531.143	3488.732	7495.57	4495.021	9454.243	1711.819	8640.398	4303.695	1937.76	9381.839	2184.026	6312.952	4603.157	8611.657	3465.326	6643.299	3024.052	8174.448	2573.005	4823.531	6316.247	10106.514	3254.204	3560.564	3740.668
115	4861.416	6714.436	8716.367	5213.564	6593.958	1893.199	3889.694	2296.304	2889.381	2535.486	3501.321	7380.471	4329.898	9545.732	1654.344	8711.518	4264.252	1879.816	9423.442	2169.147	6268.65	4562.402	8668.086	3584.773	6513.148	2968.818	8158.18	2605.598	4726.537	6464.315	10105.013	3169.542	3581.457	3743.064
116	4855.658	6714.54	8892.822	5336.171	6631.124	1847.861	4006.443	2276.027	2911.939	2517.395	3469.882	7556.085	4270.516	9806.308	1613.287	8979.232	4230.31	1833.353	9569.87	2165.222	6245.643	4543.86	8568.917	3691.022	6405.163	3022.82	8282.326	2651.079	4722.268	6720.109	10130.452	3121.952	3601.224	3825.171
117	4889.052	6764.515	8980.808	5450.128	6744.717	1848.215	4133.96	2300.332	2969.241	2528.642	3525.441	7560.532	4170.562	9822.232	1535.286	8975.475	4233.891	1797.75	9860.703	2168.354	6233.114	4534.405	8658.521	3837.036	6461.234	3028.96	8196.75	2669.326	4660.085	7048.553	10089.716	3073.535	3595.432	3848.823
118	4900.824	6787.053	9088.243	5499.239	6750.677	1838.178	4262.326	2296.264	2986.363	2517.399	3534.974	7726.665	4150.504	9949.041	1495.715	9151.363	4288.268	1768.816	10195.195	2179.407	6245.949	4519.924	8733.233	3923.046	6433.895	3071.158	8304.138	2716.172	4590.27	7344.353	10004.854	2997.932	3578.35	3882.27
119	4904.987	6788.865	8959.938	5519.463	6820.347	1821.971	4303.385	2267.268	2956.132	2481.519	3520.97	7818.588	4082.866	9827.19	1451.727	8999.414	4315.832	1733.444	10432.875	2185.86	6197.726	4493.876	8713.135	3959.994	6334.318	3098.059	8431.047	2756.474	4587.176	7570.831	9915.339	2986.015	3589.057	3948.191
120	4871.971	6694.885	8808.616	5496.921	6795.939	1798.608	4303.679	2220.291	2897.736	2443.114	3494.117	7838.98	4006.289	9726.355	1420.603	8863.362	4348.059	1706.393	10577.975	2171.623	6141.078	4437.405	8673.557	3967.52	6247.49	3070.78	8213.606	2725.586	4436.066	7791.653	9819.319	2931.57	3552.565	3867.1
121	4898.808	6708.685	8571.33	5430.45	6784.214	1787.659	4266.193	2202.688	2828.27	2414.769	3467.932	7978.243	4010.363	9518.428	1384.98	8784.63	4362.454	1691.301	10520.266	2159.472	5998.264	4372.335	8754.548	4006.928	6131.866	3063.408	8038.176	2709.763	4300.476	7912.937	9645.394	2907.484	3539.525	3874.508
122	4887.169	6701.76	8394.5	5390.339	6773.534	1781.931	4201.8	2164.882	2749.392	2399.379	3415.816	7867.943	3893.451	9205.542	1328.01	8341.481	4315.529	1643.21	10284.16	2122.598	5861.226	4300.52	8521.055	3925.235	6016.186	3074.688	8035.227	2713.66	4286.408	7858.532	9375.95	2856.476	3443.854	3775.845
123	4849.494	6616.196	8194.801	5327.254	6655.342	1757.913	4098.514	2118.13	2649.925	2353.579	3335.514	7937.948	3876.931	9161.85	1289.2	8187.734	4273.636	1614.49	9945.898	2089.615	5692.691	4218.212	8380.144	3907.338	5916.143	3013.32	7559.825	2608.878	4143.557	7724.057	9061.752	2784.519	3303.889	3654.187
124	4856.534	6623.429	7950.646	5238.785	6553.791	1736.41	3958.746	2086.905	2548.776	2326.149	3234.747	7632.1	3715.828	8749.951	1226.886	7731.04	4107.187	1564.975	9543.105	2029.004	5494.6	4126.553	8139.771	3788.091	5684.131	2984.945	7392.311	2584.065	4061.451	7567.545	8761.912	2714.108	3173.962	3543.344
125	4839.539	6573.711	7751.669	5195.351	6514.169	1730.605	3830.977	2049.352	2458.181	2292.604	3170.323	7513.483	3646.348	8657.712	1176.681	7536.594	4006.145	1528.102	9171.999	1987.892	5307.364	4050.177	7856.022	3646.3	5543.237	2954.486	7110.007	2536.001	3953.544	7365.126	8455.629	2661.339	3050.054	3421.762
126	4798.51	6467.451	7595.7	5165.824	6430.687	1699.337	3672.114	2030.187	2372.524	2258.523	3076.15	7318.705	3528.72	8403.158	1125.38	7250.529	3913.366	1503.852	8805.347	1963.582	5169.797	3961.249	7669.113	3611.686	5503.679	2903.797	6878.146	2531.501	3865.389	7094.658	8174.486	2630.838	2983.442	3357.133
127	4767.485	6416.878	7516.232	5133.883	6340.693	1678.65	3570.108	2012.171	2297.659	2236.172	3006.25	7026.505	3417.608	8280.312	1076.63	7076.822	3788.556	1475.975	8460.172	1925.784	5045.384	3880.542	7408.494	3494.749	5337.907	2903.484	6777.813	2541.147	3890.749	6854.488	7918.243	2563.474	2883.239	3271.67
128	4752.607	6372.285	7548.172	5141.451	6280.828	1675.45	3462.481	2001.123	2240.147	2222.197	2948.408	6915.724	3363.435	8317.847	1047.16	7043.454	3701.582	1443.433	8133.026	1904.12	4969.294	3811.171	7104.084	3375.12	5275.242	2814.208	6353.358	2483.512	3715.421	6680.322	7726.232	2539.794	2884.195	3301.32
129	4745.662	6389.539	7641.287	5145.03	6204.574	1646.366	3395.79	1994.794	2214.255	2207.969	2907.333	6602.993	3234.065	8152.626	1008.48	6895.495	3628.241	1411.481	7885.704	1887.403	4968.125	3777.245	6901.854	3367.293	5304.546	2805.422	6254.494	2536.865	3698.962	6477.202	7577.866	2492.722	2835.432	3259.165